the 0.030520515872733345 -0.03303100940446425 -0.0918556315750315 0.04138210597293394 -0.023932855765802882 -0.01850055715761479 -0.05228522165648752 0.12524397331899745 -0.15822155519862846 0.10978449305085303 0.1342009595536585 0.07552348634366356 -0.03904306528779677 -0.0846152268320399 -0.07130060077041403 0.11899003738796908 -0.004007290893337292 0.1946349730253995 -0.003698774835805053 -0.030866933011168503 0.0564352814431918 -0.21394186832958317 -0.017049545231307264 0.028350830610732666 -0.017016337350916566 0.05916877938034899 0.13218356745794513 -0.06082654250937023 -0.028823972266883397 0.09895912374269787 0.04353170273889625 0.01272680768947812 -0.06660380573349188 0.016612887300813055 -0.12080751160393155 -0.07340273454738895 -0.10768327646226537 0.1798210644233493 -0.15195041710442025 -0.01382715076102706 -0.05436731480689299 0.03192082589611086 -0.10798771528618319 0.18404360130930775 -0.05296766155113469 0.08562814912132755 -0.043545503292712104 0.09581426858401322 0.04289292730771382 0.03665373243668488 -0.07279660367041008 -0.06693217529148636 -0.1788103771286743 0.06529489932287262 -0.05622898230075049 -0.0006391630338402577 0.022775141771790092 -0.028685291890910316 0.08197189074783878 0.15998936746975667 -0.024851919867399225 -0.09620516663852025 0.1784778194730659 0.08403401124351395 0.02178928171227261 -0.0053108507157311625 0.018889035743454255 0.18280724422103223 0.12797239171751695 0.02778836968909675 0.03408877612240421 0.009587350453390715 -0.18939524228145746 -0.059736989853610735 -0.23338160737396546 0.06770609312517485 0.051004887194622685 -0.04542663325578 0.05808089027080226 -0.04372337868126658 0.06069599274862142 -0.05307460972252459 -0.021700413069134304 0.09933113366035409 -0.06625390346338143 -0.1845455076779521 0.0831023957796825 -0.014667004353504662 -0.045721588113543134 0.07699848292957151 0.08207425566844614 0.17135457271466228 -0.08573984170624745 -0.03943503458539152 -0.06392976059828301 0.14387798528089613 0.0521481714358961 -0.0020681881228806196 0.060089893060205304 0.036453750600062444
a -0.017611116376218632 -0.14362670420748122 0.17365913750625167 0.08420056361890016 0.021363986737214378 0.05227048457770215 -0.02030508178817914 -0.03215006688337376 0.022960471652542398 -0.11179829093207128 0.01650011371497206 0.05025357674617642 -0.009877893275021726 -0.02641314483581156 0.04856485805909602 0.17188740570807914 -0.10419370701893144 0.0618182155102932 -0.17527543341481475 -0.1262886636744399 -0.08133706406029366 -0.00593909083774468 0.14718906695864428 0.028927374341685554 0.09840313132219895 -0.09461989639826673 -0.04818152120101665 -0.027254194522975225 0.06821858465463919 -0.025734964790549632 -0.058945636910714375 -0.12057360334791126 -0.023143546420949825 0.19963419136366445 -0.06010746030279401 0.18884499904226973 0.04201034849959657 0.07171638091898701 -0.12271289005989819 -0.03697926374597784 0.07943757110691219 -0.09544274548293755 0.030894626978133458 0.018270809567026324 0.05536143374656575 -0.013722873471815698 0.07584240656098039 0.00032036532617222326 -0.02138029008374246 -0.06803006503428274 -0.0664483698158716 0.013129008444105906 -0.05623405591789288 0.09071416980334197 0.032128729433893825 0.03701468365316726 0.019850193958728713 -0.1351138559157373 -0.12661834909588943 0.048761653939387944 0.1352304682064794 0.02006690976343742 0.15244330115095917 0.16087158717784358 0.053525111489469736 -0.05592202403163911 -0.0160431072791561 0.1354991685431378 0.0012106519328660716 -0.15525071555086944 -0.14150249224832626 0.22331717623946493 0.019315856058421513 0.08504194609764335 -0.036200802593238206 -0.14337434543576502 0.01855009016556555 0.03877924130852033 -0.10043194906488069 -0.005650775155839503 0.18352406922037282 0.07311505240079942 0.04465583539715666 -0.05927233465358618 -0.10086501172572025 -0.17340741745085633 0.09978811191809123 -0.14833352131026187 -0.10546012429206884 0.09961250298330776 -0.0736990592143103 -0.20542833744616137 -0.013678719008590435 0.18872380947312717 -0.07771990085537966 0.01779237666684906 -0.06661930735022774 0.0022867757119889665 -0.08490513433346258 -0.0030377344632315276
and 0.05114399998210509 -0.0937030942723627 0.0564000358919764 -0.0075815196217260145 0.06129431965375744 0.036098901090746406 -0.0004279772140257511 0.0028167295716592673 -0.17433489786085132 -0.08362989552235185 0.10107651394785007 -0.07877613274755702 -0.03332075159854345 -0.13179734252621647 0.06770538301394857 -0.11284249748789893 -0.0057697429107531955 0.009305966895521786 -0.12363066472166434 0.06989311776790738 -0.11308737335487572 0.08771312691592653 -0.0012924299209279163 0.19852627765485142 -0.06534407893409654 0.08505544073831514 0.005572737909963584 0.10880652613772107 -0.12907093329323283 0.1463569813094268 0.054805654934374684 -0.015066638969234694 -0.09890369793130895 -0.07160709918029813 0.017756013970402492 0.033037673337062735 0.08967727247591828 0.12497985159711744 -0.12013635053232248 0.05467955196751511 -0.05585317342794499 0.08713906923450479 0.1858246848682878 -0.028581491891165885 -0.07058566210813613 -0.03524396984594697 -0.058915041273122304 -0.11740040760746256 0.23538331847842373 0.05784733180915274 -0.04819733093118046 0.0427759020268251 -0.024182442228684944 0.07741654356223016 0.1308348020706731 0.09882188390047614 0.02631926676880374 0.16660954338353293 0.047563652280575214 -0.1515265409983361 0.1944056499341651 -0.02393709815792768 0.0039905654918281205 -0.06431964706593493 0.01990858106158662 -0.008155474909937765 0.08293079924127977 -0.09792714959531999 -0.03492389361167126 0.10500823474783967 0.13228716315075315 0.12935509786882154 -0.10103326348856892 -0.09601501434102588 -0.04998584661308775 -0.06502245866528787 -0.06595411247132736 -0.021667015010515246 0.09508673185147555 -0.0177441859948473 -0.029087556101188933 0.07101196169726559 0.04945002799910423 -0.05047694885593086 0.047843490833991587 0.003863175995456606 0.1486135906644898 0.10293540068239447 -0.14496037868343567 0.04413156545318948 -0.032954815664613384 0.2128287743058122 -0.0033491166526997277 -0.06742297192094925 0.26082134292472287 -0.0606484707802141 0.05121722741348829 0.1784311175711982 -0.04278430083616658 -0.2810268020043259
not 0.05026456345176647 -0.06137985737549734 -0.053073510916120996 0.0592530252961827 0.17753784135157438 -0.012158624583357073 -0.10930412281804834 0.09258420534314171 -0.0403287098378432 0.11117257374890287 0.1780887868799575 -0.0653464441644451 0.027227950042600726 -0.15222177147080057 -0.012379652447890688 -0.05556240719671454 0.047173043393907786 0.010525025780209135 -0.20125994749886994 0.03542955707094631 0.14023207677955052 -0.06424717974355078 0.04030707360987215 -0.013196997026415384 0.03703398481939047 -0.1356392415893639 0.03404604356295434 -0.0356809839464094 -0.005673948095442263 0.10581319812149355 -0.08489088085193536 -0.06737189808915565 -0.08568510277767523 0.04277562998690187 0.012173408235400404 -0.22470137863651726 0.1780027050641094 -0.15078784328997474 0.04525713098158868 -0.06080295354017724 -0.11801570397723804 0.002368276565063889 -0.020726251573505883 0.04442015680129269 -0.16414165652908871 -0.14099903252992171 -0.08046866067971775 0.01716381523666067 -0.0651889041081953 -0.011466343588216311 0.00299150124473269 0.002831408840191944 0.1257356073753558 0.10753740517360562 -0.04822800597655141 -0.11398144402870916 0.05671189618602545 0.053667001345725385 -0.0759739026569804 -0.061371150085526266 0.07328151670666236 0.12595679303447946 0.054224881280694574 0.09510066244971711 -0.01730730097106051 -0.06712428277428344 -0.10154117643850587 -0.05895858721365974 0.07036648957675119 -0.14201044049795813 -0.03574868864993495 -0.07374343579067362 -0.08809351560026603 -0.0027308191700838465 0.07853304836450302 0.048071580342523235 -0.008792760966210445 0.06210761612921285 -0.1339419318111113 0.16650369310933352 -0.11527353344111296 -0.010434767063306294 0.0332882867636636 0.08181478304710837 -0.08523633175019375 -0.04973234502606661 -0.05031999907764189 0.0048207286766002895 0.013296355176238676 0.1857218047324189 -0.08161827699843996 -0.02525132760196281 -0.23874700746416633 -0.04210450821105134 -0.0733695648815428 0.08519482652099367 0.015957316128065228 0.061126860980905265 -0.03488289977270374 -0.19495068532693677
no -0.028940301479355973 -0.0316456647653909 -0.1511731825845179 -0.07395074116162828 -0.12124879776323783 -0.0010554216836806166 -0.015534961414230523 0.06711904624382127 -0.11590241942400846 0.18181171905533275 -0.11307454089760666 -0.08744527901706146 0.1767051080859201 -0.06928763663647917 -0.0058162598624413525 -0.006282484045694663 0.2816550606020881 -0.020063548009255815 -0.046601029938369044 -0.03190294476804293 0.03970800270202 0.10176290985304595 0.1395342697502687 0.0023527586349493678 -0.10148371238291841 -0.08480708593322753 -0.031975718020990765 0.09868080796541658 0.059417443289981366 -0.0669820014598386 -0.12337718108595636 0.009675633253372586 -0.014409267914904978 0.04890154838619637 -0.016967236297232336 0.032414728690547706 -0.11298215130146283 0.09377345237661916 -0.1376839767423019 -0.02463229437885507 -0.026517634313721873 0.1593121024482042 0.017235823507661962 0.10639584069896185 -0.06322619462441915 0.003303241309670757 -0.179024822425415 0.0502285405518437 -0.019407912285060412 0.08848635437395574 -0.06655423957267312 0.06166083881307438 0.07051910000018766 0.05533804170740132 -0.14329119630097661 -0.04224273617896399 0.09261635863948797 -0.16005511808740702 -0.015000167617019076 0.3316748181687467 -0.04288160895073392 -0.10884690563688744 0.06661752846896861 0.014619906510890438 -0.07207984314288088 -0.11495731721935656 0.015183348376018575 -0.021706024435875382 -0.061678639625165614 0.08103839608045076 -0.06479815919116007 0.06770608821507988 -0.031799138188566306 0.03805288802435239 -0.02599147673775943 -0.06266041664100779 -0.10776510933401409 0.04250160196486941 0.13800247481518044 -0.1372730763109887 -0.043632694507204646 0.04467991099203397 -0.03918672271465725 -0.013215426488101088 0.0566210719481409 -0.035492075311299026 0.09098618153704448 -0.038609913070946064 0.04585162766581041 0.01937158208225815 0.07857439983182168 0.010362674101928475 -0.052502370344408036 0.2621719009164431 0.012386107092874965 -0.015387341906351954 -0.10465454399846448 0.08769389475340414 0.14285761672553188 -0.1912427363711348
is 0.06817154213784037 0.025549602834236726 -0.05091402861818323 -0.1313353451421934 0.07359090822313011 0.18734620832821336 0.07910504033022686 -0.13277361324659723 0.18400112968569082 -0.12761245326296305 -0.11153907298672013 0.053464440760549896 0.02491484576774182 -0.04566724521150658 0.043048874336853754 0.05545268390744863 -0.0926618424074267 -0.09290033140585467 -0.015098179821546648 -0.1264326221315449 -0.11696403106466942 -0.10198433174995541 -0.10114064184483729 -0.11133271365256309 -0.00178822974715921 0.05172994722943423 0.17475689812606388 -0.06741118298912863 0.12752225758126662 -0.08395405866766815 0.006278265194003091 -0.04466245332805331 -0.050112821953169975 -0.0711666598834491 -0.03342724656170753 -0.09640043916697304 -0.1361121433082063 -0.03489930515032844 0.19310631978414314 0.04805075398187 -0.04123753662250308 -0.017267052140174356 0.12940186216935748 -0.08645588535078717 -0.1461220766310384 0.07240927651865046 -0.10145522187541 0.1549727262386787 -0.03511336958410488 0.005503941613143763 0.18268969694914583 0.13861071585994114 -0.0008828778790140846 0.047372108161288264 -0.0080194258635019 -0.09002388443524278 -0.029626868090615235 0.21567334482661005 -0.03383605625319208 -0.0490956521496852 0.08299665433420414 -0.24055876007606003 0.07868046253677392 -0.07564358833596009 0.09542397585510892 0.049931029598376316 0.19397705124509243 -0.05015792767348411 0.12742249457629537 -0.07856090270836598 0.05532023348271782 -0.042369419328277445 0.043279779913380646 0.0362724096034659 0.11232549103721408 0.04858194945384149 0.1464354728132187 0.10162197035463814 0.15101282787811846 0.20395064263929807 0.08401401036394136 -0.05304748502015508 0.046145975409343676 0.03456687194988757 0.1153282739413275 0.1349874099119135 -0.08840419884404131 0.1033016416037481 -0.074346390170084 0.023761402119176843 0.04669409128786048 -0.06483162298733565 -0.09498742147535785 0.07029093913049682 -0.03157819212102517 0.02580619231408421 0.004646883596438607 0.17340162187515618 -0.09565085485980496 0.0243201445252877
happy -0.06939587980854349 0.027848975136300542 -0.004383105172899756 -0.003935541380304886 -0.037994873295852855 -0.1814573397028376 -0.12449560911223972 0.0473832359491249 -0.015009734060859595 -0.07889512874616426 0.010892693780118687 0.06745848619970202 0.0887915970341723 0.0422717751953408 -0.08036312037621103 -0.06098795894231405 0.1170923717076881 -0.014065732316733276 -0.07092339302505385 0.006838320026444545 -0.01692363878336598 0.03815472224741417 -0.11460446427280845 -0.09834138095187349 0.015849928067133378 0.042635257283761635 0.17955080136377302 0.014480601422340445 -0.03370523481149731 0.06684403729352006 -0.032425715992840186 -0.0415528006614092 -0.03279048993061746 0.04948599556035462 0.1404423747866819 0.19434805450705991 0.13847886002174692 -0.01626823660803622 -0.08234958382626242 0.17091416714447036 -0.11591490420568243 -0.0795729838730459 0.17321840472853092 0.29300681345613305 0.015202125759798752 0.1643580210274718 -0.15132668893651027 0.10865344390273356 -0.11922325810298862 0.049768922575350205 0.05988552366978489 -0.034216943688661704 -0.033916824421576605 -0.09960836800319339 0.023036513861663818 -0.028064839494370098 0.004897619125879457 0.08121907426158156 -0.1551767640256157 -0.1679310955428055 -0.03731603281800842 -0.16560678050296035 -0.06713414870440569 -0.006012999948161238 0.07120075111921678 0.0274498230777903 0.015382463071192023 -0.09291849126918983 -0.12325228456299438 -0.14242559007047648 -0.04598582295376085 0.043569073143446276 0.02930251158811273 -0.005265787930130624 -0.049152147624794085 0.03336667636394334 -0.28958762205455674 -0.01848556738860761 -0.0714744574708188 -0.008279999081115671 -0.2506500729891493 0.07582015412198519 -0.015029585182393999 -0.013802577645278728 0.11853806370963149 0.03396059923166587 0.16256694204628333 0.017090982092600994 -0.05828995336168078 0.013244655640996573 -0.12808949516187002 -0.04624993351331298 -0.2111861838387077 -0.06693352451594277 0.09057625645032313 0.029455112704274602 -0.1228647695728178 0.07162264840908732 0.020666779944528785 -0.00864953712103205
sad -0.10890879793394233 0.159958363199589 -0.13588856411939462 -0.024167166403325942 -0.03951188147453409 0.1569706723313392 -0.09305737424365884 -0.16422108495425994 0.25018527731842055 0.11235503644978893 0.1213008619150898 0.006004271094849712 0.07974659599187828 0.23664202352371816 -0.057087771863630066 -0.11330834653202287 0.048325184916086214 -0.004943321639510344 -0.23231431283623216 0.1462654647417574 -0.0007243565805856553 -0.014624167041675518 -0.1272058361867393 -0.0909336979455801 -0.07972824840972573 0.042319700782645096 0.05227456154682321 -0.19855772746193945 0.056778402490482355 0.11783930837404433 0.05970734305056788 -0.08239713987836045 -0.1735359713010483 0.2066870246349252 0.06799775802505365 -0.05629091610365641 0.0752581434460673 0.1330436989341248 -0.009985618880546847 0.0529457187325378 0.035349865945590246 -0.13782916701525968 -0.015354793827240304 -0.11299709431082361 0.06482928907725262 -0.04614998673049642 0.06566813971255896 0.019954032348338032 0.053605979416656735 -0.18164682558617484 0.04956485071536629 0.09003872599669162 -0.14677740636826353 0.05763392297028929 -0.11519790220227595 -0.19218163068677807 0.05111962287281894 0.0014653781241620145 -0.08342374792169219 0.08926976087541129 0.06468976123713203 -0.1301273504287231 0.12893394890106866 0.03694767135844223 0.19837056470327846 0.0773501952588543 0.10967561664174946 -0.13075200600183365 0.05903533600770033 -0.017423652790236527 0.06448780841840727 -0.04825021836810146 0.08918193832532278 -0.0330209101430302 0.08839120285146679 0.04664335139597641 0.01798388126686006 -0.34226845695860364 -0.06700449490249895 0.010372017726048904 -0.056605822211239776 -0.14776424296261012 0.15387885792325784 -0.12943599698701844 0.11175206972266333 -0.11533082136438166 0.030302681782443126 -0.04868983170982116 -0.11084003103196448 0.02708451534241782 0.16497203935153026 -0.06509283452533834 -0.08488317943119295 -0.06960707640894587 -0.03296199646303947 -0.09047635647832433 0.05796457514716703 0.17509886565167285 -0.20670170747938177 0.014722180594248641
angry -0.10876337132814805 0.050452831702929836 0.02591589560190845 -0.04200997521318667 -0.14971931214877135 -0.09385940429908005 0.23781721181139304 -0.21969927413538773 0.005947710746739362 0.03768901103768489 -0.155751856434867 -0.03659507964146452 -0.09663978031987179 -0.028344168224394003 -0.07635532404038542 0.053487315282201714 -0.02284482411566438 0.10465727470856878 0.0893573349342062 -0.09636752522144376 0.05023726875319841 0.015071702578353764 -0.24865068061753692 0.05572726155808734 -0.0036207648979543214 -0.03285405477107926 0.13323187405766887 0.06652058405174796 -0.08500400078842128 0.3271068101085821 0.06916270379135324 0.042440641873329396 0.006358664399751542 -0.08464162367449574 0.022995463788434492 -0.03647922587512367 -0.010019057901001126 0.08653672556323229 -0.06728744848907034 -0.11109528816880453 -0.12827118458799977 -0.07360992508575803 -0.19075471399432142 -0.08870687234231432 0.061838294226173054 -0.09975726449664046 -0.08453682122657702 0.08443904629843926 0.02411143991577047 -0.35033575045165394 -0.014544772425564796 0.007299008387139392 -0.09547739564411051 -0.005411947300483121 -0.01197923787051116 -0.07194258354147319 -0.003143852495459427 -0.06404986885192167 -0.10051301661570194 0.09551470609984007 -0.06339223796342146 -0.02903433423020062 0.016653278937769845 0.10191043478105598 0.04200004001306548 -0.024294619593655992 -0.06111379543671544 0.07405384566655399 0.01723831165760909 0.15191323942279922 0.16633896904121992 -0.025740610664397423 -0.10227855872585619 -0.13326258832094248 -0.05161859491994728 -0.17132488912213284 0.14760262753936013 0.05065723562857895 0.07439582720813076 0.0742381710584166 -0.15416376271669419 -0.03323664140558777 -0.0487577333249654 0.08611887387604447 0.007282468098317838 0.14736487125295564 0.16423834889518313 0.05291567554677702 0.06870200263902579 0.004094650406866196 0.07363090564643093 0.062453695351990635 -0.009507248440465181 0.06610293111209607 -0.04960582524126831 -0.05327152382836134 0.10863298758508762 0.02221548151971495 0.09178342659002595 0.01613332482447704
love -0.023304571221855547 -0.024185199683683947 -0.14530523643230728 -0.0071819906819706085 -0.042889028430879494 -0.10317317708567614 0.04111736602309716 -0.08045897069059461 -0.035715707522705184 0.1252804247847339 -0.020829534401778087 -0.116969241048406 -0.06534954818975967 0.04013648946193902 0.01686072030749784 -0.17504263920871438 -0.18220168897989691 0.15767983100135521 0.07352631295152483 -0.2284315314373031 -0.011504741418130352 0.11274996952164029 0.026536006897168743 0.08512042034577871 0.013225201513576658 -0.0671365666159765 -0.13173816104165048 0.17842392638225857 -0.11569932409441155 -0.08752677240999171 -0.01828062076890621 -0.05330173668365332 -0.008257586656345307 0.06439580186298237 -0.010964211334856122 -0.04141953938508088 -0.057669933538605195 -0.1641632139065797 0.11105084367549019 0.07152496385697249 -0.11380102110364793 0.13013001426444668 0.07393561740757214 0.08186473839774577 -0.14259191278911662 -0.11864269464750171 0.06730087454070076 -0.014483796745915201 -0.05609627124151648 0.13798875254964557 0.0767890830101014 -0.23428226364792926 -0.07867025703623692 -0.01767768978549737 0.07269602302421413 0.018954507202146666 0.02153277076885138 0.002752481227536579 -0.16783833848700158 -0.003789835359776961 -0.1070421877109339 -0.013756401227985538 -0.10386220071938204 -0.06425476826903724 -0.08584908920472195 -0.073887280210065 -0.16569625891946668 0.022116873678902638 0.07629416870986194 0.08638948295528555 -0.1267151964282589 0.0053130004270924396 0.030644839016138126 -0.11542255913875865 0.06701915012968626 -0.08957403773646769 -0.06813482563057056 -0.005000613293269916 0.05364351966430441 0.05639686427948812 -0.23162398631218012 -0.09266059352833858 -0.05863977474511737 0.03381716332827563 0.05038864944429679 -0.2886370276301666 0.02377821138412292 -0.13451358807232558 -0.03072978734886699 -0.008591703253054046 0.020418418368812852 -0.12987215445629186 0.01673733485360641 -0.0029726901670997607 0.16557178559269914 0.00667701752534866 -0.06066496205943303 -0.027093065139220177 0.19739699551059392 -0.1283239585282939
joy -0.11523819866652148 -0.15935445759869404 -0.09499400552439163 -0.008814494109204806 -0.10106361136891583 -0.07681891737231328 -0.07820787121682672 0.1276650833069931 0.03153969253057367 0.015103052997994557 -0.06843241970113163 0.143242742815184 -0.05602136072119507 -0.01697998835008661 0.04685651028542098 0.19372140765040213 -0.1739436764695076 0.013595046201251584 -0.11108540150812943 -0.05034974454279661 -0.11788016878186335 -0.16417931630026697 -0.0720670782833028 0.023712639888182535 0.05836037460539026 0.14798578341085586 0.10125521243909591 -0.03597700175190343 0.0354245490883242 0.0760389628334445 -0.027991087517162373 -0.01484334015972126 0.049860200506998624 0.17837302306162195 0.03587532019553866 -0.1409356136995783 0.01118854282158277 0.03686200518168638 -0.07360200011329836 -0.15100994164754486 -0.01625411661305435 -0.11400885968468827 -0.02918618136177279 -0.15258569129759794 0.015152343980865289 -0.031133360684105278 0.19962052148550988 0.09576474663853043 0.049630928372221224 0.02753416075044572 -0.04294226602025453 -0.0548697275021555 0.13484553268659222 0.2511031054582542 0.06245369254332635 -0.07175050142919169 0.013655233318435427 -0.13142229059451024 -0.14400149306546747 -0.03860729206761928 0.04517755279773625 -0.11641484092168189 0.13172475227420882 -0.06307916662696059 -0.028554347428941092 0.03242433152707588 -0.18823243818853927 -0.07075994506151065 0.027435462336599548 -0.05724147862471354 0.09807882327541848 0.006177534926052806 -0.009656000125249219 -0.15375459184216828 -0.017110608175552478 0.1767673091195077 0.06257296321407534 0.005663343010885664 -0.002793239645552517 0.09095768888107282 0.05080506785514166 0.05135401709008788 0.028497072665810665 -0.11962352301901001 -0.056224538263382674 0.07187951658137957 -0.05336156434435522 0.1127737751787054 0.13980581397310532 -0.06943353267590946 0.10667945422395152 0.05834826824387304 -0.02332321216349928 -0.0633678017481125 0.08557999151694551 -0.022567922782378902 -0.11068953353772709 0.06342133067325102 -0.19724800869522574 0.1324484437468018
surprise -0.09979357409480531 -0.017576880261663208 -0.035785322158449755 0.10407333602250934 0.0015442193590589019 0.019196347913649815 -0.11700118538009852 0.016729422986816525 -0.11777679187603679 0.05526657702207143 -0.11472968819270218 -0.08523860285577889 0.0028205196445237786 0.13534406082888056 -0.040818065039178016 -0.029526204668540147 0.059043021348766114 0.20355246135336091 0.0710302175271513 0.17286624175807697 -0.1596350505309172 0.025560806502321193 -0.033725180053879804 0.10073437373616985 0.010508756124349978 0.0876428177663513 0.15324422303043422 0.196076033645951 -0.0309462282217136 0.10967802347643812 0.06640981488561713 -0.06053759001829073 -0.15588021065944935 0.018110589876224638 -0.18585391672482016 0.13132240746267052 0.005846243468463835 0.009978186083582282 0.08433175297824436 0.03651922267078974 -0.041400507231854324 -0.1915748778699324 0.02020676985354998 -0.0027623607404290195 -0.14202902703940634 0.014635745744060609 -0.027025871498232986 0.040157311414615274 -0.08144639132512187 0.167622468891354 0.13111478099957527 0.10680484138968208 0.15846823535731447 -0.1683522849389466 0.08574753622965557 -0.026277327420425767 -0.12168454670136804 0.10107731758234106 -0.027154637435697696 -0.046070336347793076 -0.09522803779563604 -0.015101957868903976 0.02639281250362622 0.0802599619655852 -0.09081002570662655 -0.0492244390913934 -0.0770472354569773 -0.03149713970434257 0.043559742214644676 -0.09231328247179157 -0.0812324702190773 -0.20064937324778365 -0.1046839441095035 -0.06710248198025488 -0.015115781194815934 -0.01144186108536076 0.07569491642412884 0.05604374761480087 0.13274889071890023 -0.0848578130782045 -0.0019464997201287836 -0.012140720140700148 0.0385663303181128 0.09684609648056502 0.0042370433761040735 0.0838535603956434 -0.07048468893398328 0.10386682810086612 -0.10929249604215228 0.032138154592676736 0.018321823575791756 -0.1342288941189756 -0.1551679285750917 -0.006352101368543914 -0.011319991209003514 0.07932403900911292 0.016669851351963173 0.02882210303923209 -0.03551251814254707 -0.31386517772482014
fear 0.02957909371441418 0.018188239179727093 -0.03960085704924751 0.11771289810213122 0.1441645642721192 0.11957171204368695 0.06293935272288072 -0.08973166375087449 -0.1204413565270796 -0.047027461965317596 -0.10083401424167877 0.067640345613438 0.034898323824752324 -0.09114497346708295 0.15665481899160555 -0.025942025385372342 -0.090567434435877 -0.048948397496232546 0.0771028811179336 0.007063748388946623 0.02182665735501239 0.05020235373346437 -0.054293784534822934 0.01653016390289317 0.01686184777111667 -0.07133395861582363 0.14399541731724616 -0.0969317252235262 0.08792777113717198 -0.02994456686345431 0.05320851697251836 -0.1903566329045101 0.05650144998860277 -0.024130127421658275 -0.18443858744191555 -0.031533440550739554 0.0742047917713949 -0.0651462391765728 0.19944598040289263 -0.16112277485534715 0.050989364389844874 0.010177268170072628 0.020521996458828337 0.07574703544372553 -0.13697443282658758 0.024747036179834335 0.09179044797841189 0.0485929025547632 0.0057813012146296725 0.2324515907011443 -0.006077036726684857 0.1834292506333946 -0.17818326799869827 -0.054815277773054866 0.08980524068821821 0.0021909261734709097 0.054449448010902235 0.171607020325322 0.021144045800696662 -0.10835406568254993 0.12022780935975991 -0.1523668392239616 -0.17917284454029564 -0.046861094877818386 -0.0013642874503967965 0.09213812536248174 -0.07196089289073597 0.01526620832277191 0.14678791939528688 -0.07244192321129557 0.10288702250151119 -0.11944261221632194 -0.022648209646634346 -0.08606954991438014 0.03788271774784105 0.07606672757242972 -0.09446107239709209 0.02530294893069897 0.012013763724315537 -0.1436603207569408 -0.12460090069503793 0.16694181323432628 0.09690374502868045 -0.03901701774993471 -0.03634010630525563 0.11135472220530872 -0.13187359563643747 0.1473186652195711 -0.05467920901663495 0.035908528727644405 0.0010602640900284211 0.09598832554594482 -0.013516854335683485 0.054625176233305574 -0.08137621499329652 -0.0215210644065382 -0.14999959942120478 -0.03426143432158351 0.03985478545225729 0.08395306601497488
